17344.173442
22479.803302
22972.002872
22191.400832
21255.396878
19962.570181
18539.976825
22015.823873
23659.889094
23071.377073
19613.852283
20908.199935
20304.568528
22076.578130
22914.428929
16507.608976
16104.680423
21985.571968
23836.126629
22606.852702
22590.893046
26048.026048
21835.551006
22068.965517
18686.131387
18686.131387
25538.707103
20056.408649
22922.636103
17121.455324
18642.586659
24691.358025
20214.782059
17066.666667
20785.969471
25682.182986
26778.242678
17348.875034
20012.507817
20532.563362
21476.510067
24078.254327
22759.601707
26101.141925
18497.109827
20545.746388
19565.881993
23138.105568
20631.850419
10309.278351
10752.688172
10362.694301
10416.666667
10695.187166
10471.204188
10309.278351
10752.688172
13201.320132
11560.693642
11019.283747
13114.754098
12779.552716
17857.142857
14625.228519
14519.056261
13605.442177
12441.679627
16701.461378
12779.552716
21947.873800
20539.152760
21192.052980
21333.333333
24042.073629
19838.809671
22268.615170
20956.123117
24150.943396
17039.403621
21390.374332
14904.517932
23943.135054
22988.505747
22130.013831
26677.782409
25569.316820
22963.760316
21541.568495
20113.136392
25009.769441
24634.334103
19335.347432
24297.646166
24615.384615
17655.172414
20874.103066
24279.210926
24390.243902
22495.606327
12345.679012
13422.818792
11904.761905
11834.319527
11299.435028
10928.961749
13071.895425
11764.705882
15936.254980
14440.433213
15936.254980
16985.138004
16393.442623
14260.249554
18779.342723
17241.379310
18934.911243
23188.405797
20565.552699
21276.595745
19631.901840
21052.631579
20025.031289
22023.399862
16701.461378
21490.933512
25682.182986
22939.068100
21447.721180
7040.704070
15016.424214
18823.529412
18296.169240
20915.032680
23651.145602
25620.496397
26823.134954
25039.123631
19500.304692
20565.552699
20671.834625
21962.937543
21447.721180
25869.037995
22614.840989
22988.505747
21650.879567
9779.951100
24922.118380
19987.507808
20151.133501
24922.118380
22922.636103
22792.022792
23988.005997
19607.843137
19753.086420
20240.354206
22503.516174
21563.342318
22551.092319
24060.150376
21577.882670
23452.518262
23744.647723
23680.124224
22592.592593
20158.625248
22459.499264
21692.745377
16703.176342
20677.966102
21879.483501
19122.257053
17836.257310
22141.560799
21129.199861
23828.125000
23132.347364
19501.278772
24293.110315
23615.950445
22385.321101
21078.092605
22173.754998
23790.951638
22676.579926
21328.671329
24091.627172
24756.493506
22109.459949
11161.492850
17635.712317
15984.015984
15845.506313
15256.257449
16104.680423
14417.661636
15307.342741
11034.482759
15928.322549
23642.408570
20691.884901
16908.850727
22408.963585
16797.900262
15144.344534
12695.893672
11477.761836
17396.031530
17034.868246
15300.023906
12524.461840
16846.538563
25508.170586
14866.434379
23063.063063
20860.495437
13692.768507
23738.872404
14260.249554
13338.891205
24260.803639
14100.022031
17467.248908
24474.187380
22889.842632
12178.877260
23180.007244
16824.395373
18353.885862
17381.857686
15659.407879
18233.618234
16108.733954
17872.102765
15016.424214
18422.567645
22527.279127
15289.058767
13453.857473
12817.945123
13008.130081
17655.172414
15496.368039
22535.211268
24380.952381
17674.675504
16264.294790
25177.025964
14729.574223
18834.608593
15518.913676
26446.280992
23818.384816
16206.634591
13231.341741
19178.903206
22816.399287
19649.984648
22767.698328
21628.928692
22393.282015
19184.652278
17872.102765
11764.705882
12987.012987
11627.906977
15384.615385
14388.489209
15625.000000
13793.103448
12658.227848
14492.753623
13071.895425
10869.565217
13986.013986
13071.895425
14492.753623
13333.333333
13157.894737
13793.103448
12820.512821
13888.888889
13245.033113
14598.540146
15384.615385
15625.000000
14705.882353
9925.558313
11940.298507
9216.589862
16194.331984
14084.507042
10230.179028
15748.031496
11527.377522
12269.938650
12012.012012
11695.906433
11019.283747
12012.012012
18604.651163
11204.481793
14760.147601
18140.589569
16949.152542
17543.859649
17204.301075
14440.433213
9324.009324
10403.120936
18648.018648
12030.075188
10638.297872
12461.059190
11730.205279
9638.554217
17937.219731
8307.372793
11611.030479
13651.877133
12195.121951
12383.900929
10243.277849
10666.666667
11594.202899
11958.146487
11412.268188
11065.006916
12364.760433
10610.079576
11695.906433
10165.184244
14466.546112
17543.859649
9501.187648
9090.909091
10638.297872
7060.900265
9569.377990
11661.807580
10152.284264
12213.740458
13582.342954
9070.294785
12519.561815
14159.292035
12102.874433
11220.196353
9029.345372
12500.000000
10958.904110
9950.248756
10309.278351
14678.899083
11080.332410
14466.546112
15503.875969
11904.761905
17057.569296
12084.592145
19323.671498
6514.657980
15355.086372
20253.164557
10688.042752
15779.092702
18735.362998
13640.238704
18202.502844
13479.359730
11404.133999
17897.091723
20202.020202
14121.800530
21108.179420
14311.270125
14492.753623
13793.103448
11220.196353
17057.569296
12075.471698
16161.616162
13816.925734
13234.077750
15311.004785
15686.274510
11976.047904
14585.232452
18648.018648
16032.064128
20050.125313
20565.552699
16129.032258
13582.342954
18713.450292
12130.401820
14519.056261
19900.497512
22023.399862
21857.923497
13763.440860
20833.333333
21798.365123
24114.544084
9555.091072
20618.556701
21857.923497
14932.337844
14047.410009
11091.854419
15444.015444
15296.367113
20956.123117
14555.378667
14505.893019
22759.601707
14869.888476
15873.015873
15720.953083
21746.517159
23546.725533
15151.515152
15080.113101
23791.821561
22107.081174
17738.359202
16149.381781
21018.062397
18653.453804
18901.358535
20375.676536
16627.695505
15140.761770
21283.671433
25296.442688
19323.671498
20221.169036
19728.729963
15798.568255
22727.272727
15518.913676
22284.122563
22922.636103
21087.314662
21440.536013
23572.744015
23357.664234
17334.777898
21614.319487
15613.564284
18497.109827
18735.362998
22898.032200
15744.157442
17367.706920
22566.995769
14601.870865
21419.009371
16507.608976
16913.319239
16318.204997
14699.127239
22654.867257
23222.060958
18140.589569
19423.368741
19058.963669
10309.278351
6872.852234
9523.809524
9345.794393
10050.251256
10309.278351
10526.315789
9900.990099
9132.420091
10204.081633
10582.010582
10416.666667
6622.516556
11428.571429
9756.097561
11560.693642
10638.297872
10526.315789
10582.010582
10152.284264
10362.694301
11363.636364
10928.961749
10050.251256
10989.010989
11173.184358
10928.961749
10695.187166
10810.810811
10416.666667
10309.278351
10309.278351
10362.694301
10101.010101
10638.297872
10638.297872
10695.187166
10810.810811
11299.435028
10526.315789
10309.278351
10526.315789
10526.315789
10362.694301
11695.906433
10928.961749
10638.297872
11142.061281
13888.888889
13157.894737
13377.926421
12903.225806
13605.442177
13605.442177
12944.983819
13029.315961
14336.917563
14035.087719
10554.089710
9302.325581
11299.435028
12345.679012
12987.012987
13513.513514
15625.000000
13422.818792
10869.565217
11396.011396
10638.297872
11764.705882
11661.807580
11267.605634
13468.013468
10810.810811
13745.704467
12779.552716
12383.900929
14184.397163
11299.435028
10869.565217
11627.906977
9685.230024
9456.264775
14492.753623
13840.830450
14598.540146
10178.117048
11661.807580
14134.275618
10869.565217
12422.360248
12698.412698
13029.315961
6097.560976
13422.818792
10899.182561
9367.681499
15037.593985
14545.454545
15094.339623
10204.081633
11396.011396
11594.202899
11527.377522
8547.008547
11976.047904
10638.297872
12383.900929
12578.616352
13333.333333
12618.296530
16460.905350
11173.184358
9685.230024
11461.318052
12012.012012
11869.436202
11764.705882
14336.917563
9345.794393
10000.000000
11126.564673
12084.592145
10498.687664
16736.401674
15904.572565
17278.617711
12800.000000
12251.148545
19464.720195
13840.830450
16064.257028
11004.126547
17241.379310
19417.475728
19559.902200
19851.116625
11878.247958
13104.013104
12470.771629
20618.556701
18713.450292
15873.015873
19138.755981
19607.843137
20618.556701
15640.273705
20075.282309
20698.576973
15748.031496
14967.259121
19370.460048
12324.282688
19248.120301
16028.049086
16198.430777
22145.328720
21563.342318
13634.426928
23298.143429
23021.582734
18556.103218
22832.679272
24114.544084
21255.396878
23880.597015
23188.405797
23616.236162
18048.505358
23907.358984
23694.927805
23686.158401
25630.756908
21680.216802
22091.819123
24408.848207
22922.636103
21947.873800
20853.698273
23323.615160
21038.790270
24316.109422
23222.060958
13565.069945
23138.105568
23961.063272
22107.081174
17987.633502
23306.627822
21390.374332
23426.061493
19047.619048
19347.037485
23443.223443
24408.848207
21843.003413
19047.619048
24539.877301
23205.221175
18620.890311
16588.906169
18380.241241
20625.201418
24224.072672
22299.651568
23943.135054
24854.368932
18740.849195
24786.986832
24492.920015
22630.834512
14946.286782
26711.185309
9852.216749
10989.010989
10416.666667
10638.297872
10695.187166
10869.565217
10582.010582
12422.360248
10362.694301
10638.297872
10050.251256
10928.961749
10101.010101
10471.204188
10471.204188
10471.204188
10362.694301
10752.688172
10989.010989
12121.212121
10869.565217
10416.666667
10554.089710
14134.275618
17467.248908
15094.339623
12461.059190
16194.331984
11594.202899
14545.454545
12383.900929
16949.152542
14598.540146
15444.015444
15384.615385
11527.377522
10810.810811
16260.162602
13513.513514
15384.615385
20000.000000
14492.753623
17467.248908
12480.499220
16494.845361
16701.461378
21333.333333
17204.301075
17316.017316
15267.175573
16393.442623
14652.014652
17353.579176
17021.276596
15841.584158
15414.258189
9205.983890
15296.367113
15968.063872
17699.115044
16393.442623
16260.162602
18561.484919
17057.569296
16877.637131
17543.859649
16632.016632
16666.666667
15748.031496
16666.666667
15414.258189
16666.666667
18475.750577
16985.138004
16129.032258
16949.152542
16129.032258
17977.528090
15748.031496
15065.913371
14897.579143
17094.017094
18348.623853
15296.367113
15325.670498
17505.470460
17857.142857
18433.179724
16528.925620
16528.925620
18306.636156
17391.304348
18518.518519
14059.753954
19559.902200
8556.149733
16597.510373
20565.552699
8988.764045
14981.273408
14388.489209
17817.371938
18264.840183
16064.257028
17897.091723
15151.515152
16563.146998
15384.615385
17316.017316
17505.470460
18140.589569
18912.529551
17467.248908
18648.018648
16771.488470
19138.755981
12232.415902
16736.401674
16032.064128
17204.301075
17857.142857
17621.145374
18264.840183
11283.497884
14705.882353
18823.529412
19047.619048
19559.902200
17857.142857
18223.234624
21917.808219
19047.619048
18433.179724
18348.623853
14440.433213
16161.616162
10309.278351
13840.830450
21621.621622
14388.489209
16563.146998
19161.676647
20592.020592
19925.280199
18583.042973
18845.700824
19417.475728
18244.013683
20050.125313
22222.222222
16210.739615
14272.970562
13628.620102
13256.006628
17084.890550
22440.392707
22284.122563
22503.516174
21947.873800
22315.202232
24187.452759
19851.116625
21333.333333
21768.707483
23071.377073
23383.266350
24260.803639
15779.092702
21498.152503
14171.833481
15044.663846
16873.187451
22369.800769
17832.265255
18895.777975
15940.224159
18317.115054
25137.470542
20572.163292
20956.123117
25467.568643
14672.168730
16016.016016
21136.063408
24596.464258
20138.451857
21887.824897
16563.146998
16692.749087
22330.774599
15873.015873
12021.036814
13605.442177
19875.776398
19393.939394
18713.450292
9456.264775
11379.800853
10767.160162
11299.435028
9987.515605
12030.075188
12441.679627
14234.875445
12012.012012
12698.412698
12232.415902
11730.205279
10928.961749
12658.227848
12307.692308
11627.906977
10416.666667
10582.010582
10810.810811
11173.184358
12578.616352
12500.000000
