38
0
3
0
23
25
25
0
27
0
34
29
2
1
4
41
26
0
1
0
0
2
34
1
29
26
2
34
1
34
32
1
1
29
23
1
2
27
23
24
2
0
1
4
44
1
43
15
29
0
0
0
0
0
0
0
0
0
0
0
0
0
0
0
0
0
0
0
0
0
2
0
0
2
2
0
6
2
10
2
13
2
0
11
1
2
6
8
9
3
2
13
4
0
8
10
0
0
4
0
0
0
0
0
0
0
0
0
0
0
1
0
0
0
0
1
0
0
0
0
0
0
0
1
0
0
0
0
0
4
4
0
1
0
0
1
0
2
1
1
0
0
1
0
0
0
4
1
2
3
0
0
0
0
0
0
2
0
0
0
2
0
0
5
12
15
11
15
16
15
2
16
19
14
9
12
4
5
18
1
3
1
8
6
0
0
16
4
2
6
5
6
10
10
11
11
6
11
9
7
0
4
8
4
3
8
8
6
5
11
13
11
8
0
11
2
5
5
0
8
9
0
9
3
1
2
8
0
5
2
2
10
14
8
7
9
0
1
9
8
7
7
8
9
0
0
10
9
0
10
6
11
1
0
7
11
7
3
6
0
1
0
8
10
0
0
0
0
0
0
0
0
0
0
0
0
0
0
0
0
0
0
0
0
0
0
0
0
0
0
0
0
0
0
0
0
0
0
0
0
0
0
0
0
0
0
0
0
0
1
0
0
0
0
0
0
1
0
1
0
0
0
0
1
0
0
0
0
0
0
0
0
0
0
0
0
0
0
1
1
0
0
0
0
1
1
0
0
0
1
0
0
1
1
0
0
0
0
0
0
0
0
1
0
0
0
0
0
0
0
1
1
0
0
0
0
0
1
0
0
0
0
0
0
0
0
0
0
0
0
0
0
0
0
0
0
0
0
0
0
0
0
1
0
0
3
0
0
2
0
6
14
10
3
9
9
0
29
40
34
0
0
49
28
1
20
26
31
15
22
11
20
34
25
21
1
26
5
9
40
10
36
11
11
16
15
11
11
28
16
44
28
26
11
32
28
4
35
9
33
42
34
33
4
2
38
2
17
0
0
0
0
0
0
0
0
0
0
0
0
0
0
0
0
0
0
0
0
0
0
0
0
0
0
0
0
0
0
0
0
0
0
0
0
0
0
0
0
0
0
0
0
0
0
0
0
0
0
0
0
0
0
0
0
0
0
0
0
0
0
0
0
0
0
0
0
0
0
0
0
0
0
0
0
0
0
0
0
0
0
0
0
0
0
0
0
0
0
0
0
0
0
0
0
0
0
0
0
0
0
0
0
2
0
0
0
0
0
0
0
0
1
0
0
0
0
0
0
0
1
0
0
0
0
0
0
0
0
1
3
2
1
0
0
2
3
3
3
1
0
0
0
0
1
0
0
0
2
8
2
26
26
35
36
1
2
32
26
31
6
14
16
24
24
35
10
10
35
38
2
34
1
11
20
22
1
7
1
31
34
0
30
30
0
0
0
26
1
0
1
9
1
0
1
0
13
1
0
8
22
0
8
26
26
33
24
28
0
0
3
33
35
25
30
24
32
0
30
10
24
38
32
21
1
30
0
5
43
19
10
35
37
3
44
0
4
42
14
0
35
30
24
6
9
41
5
27
10
41
25
26
27
38
14
22
32
18
10
31
20
9
39
23
25
24
2
17
16
0
0
0
0
0
0
0
0
0
0
0
0
0
0
0
0
0
0
0
0
0
0
0
0
0
0
0
0
0
0
0
0
0
0
0
0
0
0
0
0
0
0
0
0
0
0
0
0
0
0
0
0
0
0
0
0
0
0
0
0
0
0
0
0
0
0
0
0
0
0
0
0
0
0
0
0
0
0
0
0
0
0
0
0
0
0
0
0
0
0
0
0
0
0
1
0
0
0
0
0
0
1
0
0
0
0
0
0
0
0
0
0
0
0
1
1
1
0
0
0
1
0
2
0
0
0
0
0
1
1
0
1
0
0
0
0
0
0
0
0
1
0
0
0
1
0
0
1
1
1
0
0
0
0
0
0
1
0
0
0
0
1
0
1
0
0
0
0
1
0
0
1
1
0
0
0
1
0
0
0
0
1
1
0
1
0
0
0
0
1
0
0
0
1
1
0
1
3
1
0
0
0
1
1
1
0
0
2
0
2
0
0
5
0
0
0
0
0
0
0
0
0
0
0
3
2
0
0
0
0
3
0
0
0
1
0
0
2
0
0
0
2
27
30
29
30
20
1
22
36
2
0
1
0
5
2
8
0
7
6
2
6
8
8
10
3
4
5
0
0
0
0
0
0
0
0
0
0
0
0
0
0
0
0
0
0
0
0
0
0
0
0
0
0
0
0
0
0
0
0
0
0
0
0
0
0
0
0
0
0
0
0
0
0
0
0
0
0
0
0
0
0
0
0
0
0
0
0
0
0
0
0
0
0
0
0
0
0
0
0
0
0
0
0
0
0
0
0
0
0
0
0
0
0
0
0
0
0
0
0
0
0
0
0
0
0
0
0
0
0
0
0
0
0
0
0
0
0
0
0
0
0
0
0
0
0
0
0
0
0
0
0
0
0
0
0
0
0
0
0
0
1
1
0
1
0
0
1
1
1
1
1
0
0
0
0
0
2
0
3
1
0
0
0
0
0
3
4
1
0
1
0
0
0
1
1
4
1
1
2
0
0
4
0
2
0
0
0
0
1
1
0
0
0
6
5
9
6
5
0
3
10
0
8
0
5
0
2
0
4
0
0
0
0
0
3
0
0
8
0
0
0
0
8
0
9
11
1
7
7
1
5
6
11
11
1
0
8
0
8
0
1
1
0
0
0
0
0
0
0
0
0
0
0
0
0
0
0
0
0
0
0
0
1
0
0
0
0
0
0
0
0
0
0
0
0
0
0
0
0
0
0
0
0
0
0
0
0
0
0
0
0
0
0
0
0
0
0
0
0
0
0
0
1
0
0
0
0
0
0
0
0
2
0
0
0
0
1
3
0
2
4
0
0
0
27
18
35
0
38
9
13
0
27
21
22
20
38
12
33
7
34
26
2
32
0
22
27
40
9
10
34
28
45
38
21
30
14
5
18
28
0
0
0
0
0
0
0
0
0
0
0
0
0
0
0
0
0
1
1
0
1
0
0
0
0
0
0
0
0
0
0
0
2
0
0
0
0
1
0
0
0
1
0
1
1
0
3
0
0
0
0
1
0
0
0
0
0
0
2
0
0
0
0
0
0
1
0
0
0
0
2
0
0
0
0
0
1
0
0
0
2
0
0
0
3
2
0
0
0
1
1
0
0
0
0
0
0
1
2
2
6
0
0
0
2
1
0
0
1
3
6
6
0
8
0
1
2
6
0
0
0
1
3
1
0
1
9
17
10
13
3
12
1
11
3
10
7
22
25
21
2
22
21
0
0
0
0
0
0
18
34
0
14
1
0
18
3
26
16
0
0
0
0
0
0
0
0
0
0
0
0
0
0
0
0
0
0
0
0
0
0
0
0
0
0
0
0
0
0
0
0
0
0
0
0
0
0
0
0
0
0
0
0
0
0
0
0
0
0
0
0
0
0
0
0
0
0
0
0
0
0
0
0
0
0
0
0
0
0
2
0
0
0
0
0
0
0
0
0
0
0
0
0
0
0
0
0
0
0
0
1
0
0
0
0
1
0
0
0
0
0
0
0
1
0
0
0
0
0
0
1
0
1
1
0
0
0
2
0
0
0
2
0
0
0
0
0
0
0
0
1
0
0
0
2
0
1
0
5
1
2
8
31
27
15
1
0
23
22
3
23
3
24
3
25
27
8
14
16
15
33
1
13
31
29
23
15
0
1
7
3
9
10
6
2
2
6
0
0
0
5
4
7
3
0
6
1
0
0
0
0
0
0
0
0
0
0
0
0
0
1
1
0
0
0
0
0
0
0
0
0
0
0
0
0
0
0
0
0
0
0
0
0
0
0
0
0
0
0
