0.003690
0.002847
0.002786
0.002884
0.003011
0.003206
0.003452
0.002907
0.002705
0.002774
0.003263
0.003061
0.003152
0.002899
0.002793
0.003877
0.003974
0.002911
0.002685
0.002831
0.002833
0.002457
0.002931
0.002900
0.003425
0.003425
0.002506
0.003191
0.002792
0.003738
0.003433
0.002592
0.003166
0.003750
0.003079
0.002492
0.002390
0.003689
0.003198
0.003117
0.002980
0.002658
0.002812
0.002452
0.003460
0.003115
0.003271
0.002766
0.003102
0.000194
0.000186
0.000193
0.000192
0.000187
0.000191
0.000194
0.000186
0.000303
0.000346
0.000363
0.000305
0.000313
0.000448
0.000547
0.000551
0.000588
0.000643
0.000479
0.000626
0.000729
0.000779
0.000755
0.000750
0.001331
0.001613
0.001437
0.001527
0.001325
0.001878
0.001496
0.004294
0.002673
0.002784
0.002892
0.002399
0.002503
0.002787
0.002971
0.003182
0.002559
0.002598
0.003310
0.002634
0.002600
0.003625
0.003066
0.002636
0.002624
0.002845
0.000162
0.000149
0.000168
0.000169
0.000177
0.000183
0.000153
0.000170
0.000251
0.000277
0.000251
0.000471
0.000488
0.000561
0.000426
0.000464
0.000845
0.000690
0.000778
0.000752
0.000815
0.000760
0.000799
0.001453
0.001916
0.001489
0.001246
0.001395
0.001492
0.004545
0.002131
0.001700
0.001749
0.001530
0.001353
0.001249
0.001193
0.001278
0.001641
0.001556
0.001548
0.001457
0.001492
0.001237
0.001415
0.001392
0.001478
0.003272
0.001284
0.001601
0.001588
0.001284
0.001396
0.001404
0.001334
0.001632
0.001620
0.001581
0.001422
0.001484
0.001419
0.001330
0.001483
0.002601
0.002569
0.002576
0.002700
0.003026
0.002716
0.002812
0.003652
0.002950
0.002788
0.003190
0.003420
0.002755
0.002887
0.002560
0.002637
0.003128
0.002511
0.002583
0.002725
0.002894
0.002751
0.002564
0.002690
0.002860
0.002532
0.002464
0.002759
0.005734
0.003629
0.004004
0.004039
0.004195
0.003974
0.004439
0.004181
0.005800
0.004018
0.002707
0.003093
0.003785
0.002856
0.003810
0.004226
0.005041
0.005576
0.003679
0.003757
0.004183
0.005110
0.003799
0.002509
0.004305
0.002775
0.003068
0.004674
0.002696
0.004488
0.004798
0.002638
0.004539
0.003664
0.002615
0.002796
0.005255
0.002761
0.003804
0.003487
0.003682
0.004087
0.003510
0.003973
0.003581
0.004262
0.003474
0.002841
0.004186
0.004757
0.004993
0.004920
0.003625
0.004130
0.002840
0.002625
0.003621
0.003935
0.002542
0.004345
0.003398
0.004124
0.002420
0.002687
0.003949
0.004837
0.003337
0.002805
0.003257
0.002811
0.002959
0.002858
0.003336
0.003581
0.000170
0.000154
0.000172
0.000130
0.000139
0.000128
0.000145
0.000158
0.000138
0.000153
0.000184
0.000143
0.000153
0.000138
0.000150
0.000152
0.000145
0.000156
0.000144
0.000151
0.000137
0.000130
0.000128
0.000136
0.000403
0.000335
0.000434
0.000247
0.000284
0.000391
0.000254
0.000347
0.000326
0.000333
0.000342
0.000363
0.000333
0.000215
0.000357
0.000542
0.000441
0.000472
0.000456
0.000465
0.000554
0.000858
0.000769
0.000429
0.000665
0.000752
0.000642
0.000682
0.000830
0.000446
0.000963
0.000689
0.000586
0.000656
0.000646
0.000781
0.000750
0.000690
0.000669
0.000701
0.000723
0.000647
0.000754
0.000684
0.000787
0.000553
0.000456
0.000842
0.000880
0.000752
0.001133
0.000836
0.000686
0.000788
0.000655
0.000589
0.000882
0.000639
0.000565
0.000661
0.000713
0.000886
0.000640
0.000730
0.000804
0.000776
0.000545
0.000722
0.000553
0.000516
0.000672
0.000469
0.000662
0.000828
0.002456
0.001042
0.000790
0.001497
0.001014
0.000854
0.001173
0.000879
0.001187
0.001403
0.000894
0.000792
0.001133
0.000758
0.001118
0.001104
0.001160
0.001426
0.000938
0.001325
0.000990
0.001158
0.001209
0.001045
0.001020
0.001336
0.001097
0.000858
0.000998
0.000798
0.000778
0.000992
0.001178
0.000855
0.001319
0.001102
0.000804
0.001453
0.001464
0.002325
0.001536
0.001468
0.001327
0.003349
0.001552
0.001464
0.002143
0.002278
0.005770
0.004144
0.004184
0.003054
0.004397
0.004412
0.002812
0.004304
0.004032
0.004071
0.002943
0.002718
0.004224
0.004244
0.002690
0.002895
0.003608
0.003963
0.003045
0.003431
0.003386
0.003141
0.003849
0.004227
0.003007
0.002530
0.003312
0.003165
0.003244
0.004051
0.002816
0.004124
0.002872
0.002792
0.003035
0.002985
0.002715
0.002740
0.003692
0.002961
0.004099
0.003460
0.003416
0.002795
0.004065
0.003685
0.002836
0.004383
0.002988
0.003877
0.003784
0.003922
0.004354
0.002825
0.002756
0.003528
0.003295
0.003358
0.000194
0.000291
0.000210
0.000214
0.000199
0.000194
0.000190
0.000202
0.000219
0.000196
0.000189
0.000192
0.000302
0.000175
0.000205
0.000173
0.000188
0.000190
0.000189
0.000197
0.000193
0.000176
0.000183
0.000199
0.000182
0.000179
0.000183
0.000187
0.000185
0.000192
0.000194
0.000194
0.000193
0.000198
0.000188
0.000188
0.000187
0.000185
0.000177
0.000190
0.000194
0.000190
0.000190
0.000193
0.000171
0.000183
0.000188
0.000359
0.000288
0.000304
0.000299
0.000310
0.000294
0.000294
0.000309
0.000307
0.000279
0.000285
0.000379
0.000430
0.000354
0.000324
0.000308
0.000296
0.000256
0.000298
0.000368
0.000351
0.000376
0.000340
0.000343
0.000355
0.000297
0.000370
0.000291
0.000313
0.000323
0.000282
0.000354
0.000368
0.000344
0.000413
0.000423
0.000276
0.000289
0.000274
0.000393
0.000343
0.000283
0.000368
0.000322
0.000315
0.000307
0.000656
0.000298
0.000367
0.000427
0.000266
0.000275
0.000265
0.000392
0.000351
0.000345
0.000347
0.000468
0.000334
0.000376
0.000323
0.000318
0.000300
0.000317
0.000243
0.000358
0.000413
0.000349
0.000333
0.000337
0.000340
0.000279
0.000428
0.000400
0.000719
0.000662
0.000762
0.000478
0.000503
0.000463
0.000625
0.000653
0.000411
0.000578
0.000996
0.001454
0.000928
0.000824
0.000818
0.000806
0.001347
0.001221
0.001283
0.000776
0.000855
0.001008
0.000836
0.000816
0.000776
0.001023
0.000797
0.000773
0.001016
0.002138
0.001652
0.005193
0.003325
0.003993
0.003951
0.002890
0.002968
0.005061
0.003063
0.004221
0.002908
0.002839
0.003084
0.003733
0.003453
0.006057
0.002972
0.003641
0.003778
0.004001
0.002787
0.005722
0.002889
0.003161
0.005391
0.003699
0.002746
0.002717
0.002843
0.004572
0.004029
0.002696
0.004441
0.005267
0.002959
0.002835
0.002757
0.003062
0.002773
0.002493
0.002742
0.003002
0.002991
0.003032
0.002945
0.003027
0.002919
0.002953
0.003052
0.002665
0.003119
0.002705
0.003049
0.004139
0.003816
0.004233
0.003353
0.003521
0.002822
0.002781
0.002544
0.003477
0.003586
0.003435
0.003954
0.003774
0.003998
0.002862
0.004257
0.002808
0.003822
0.004218
0.003861
0.003454
0.002728
0.003669
0.002828
0.002919
0.003907
0.003083
0.002954
0.004259
0.003845
0.002647
0.004133
0.002949
0.002757
0.004573
0.003078
0.002717
0.004630
0.003491
0.003986
0.005758
0.002740
0.004989
0.002772
0.003803
0.003242
0.003914
0.004000
0.004557
0.004745
0.004338
0.003113
0.003134
0.003913
0.002902
0.002859
0.003808
0.003180
0.002868
0.003629
0.003589
0.004828
0.004252
0.002480
0.003281
0.003081
0.000198
0.000188
0.000186
0.000186
0.000187
0.000188
0.000196
0.000188
0.000196
0.000191
0.000200
0.000186
0.000183
0.000191
0.000192
0.000189
0.000192
0.000206
0.000192
0.000202
0.000189
0.000194
0.000185
0.000181
0.000193
0.000195
0.000202
0.000183
0.000189
0.000198
0.000186
0.000197
0.000199
0.000184
0.000205
0.000186
0.000199
0.000190
0.000194
0.000192
0.000190
0.000192
0.000183
0.000191
0.000183
0.000182
0.000194
0.000203
0.000195
0.000186
0.000202
0.000189
0.000186
0.000188
0.000195
0.000192
0.000187
0.000187
0.000200
0.000192
0.000185
0.000198
0.000192
0.000212
0.000174
0.000201
0.000187
0.000266
0.000317
0.000305
0.000350
0.000282
0.000290
0.000366
0.000290
0.000297
0.000374
0.000346
0.000289
0.000294
0.000282
0.000315
0.000643
0.000392
0.000340
0.000339
0.000290
0.000287
0.000305
0.000340
0.000345
0.000242
0.000382
0.000334
0.000749
0.000687
0.000677
0.000545
0.000451
0.000637
0.000493
0.000649
0.000565
0.000575
0.000617
0.000440
0.000681
0.000688
0.000490
0.000698
0.000490
0.000683
0.000678
0.000592
0.000644
0.000663
0.000793
0.000688
0.000661
0.000595
0.000581
0.000579
0.000587
0.000498
0.000565
0.000775
0.000579
0.000591
0.000741
0.000623
0.000521
0.000642
0.000598
0.000606
0.000621
0.000706
0.000563
0.000563
0.000492
0.000593
0.000552
0.000470
0.000769
0.000642
0.000565
0.000657
0.000596
0.000835
0.000520
0.000684
0.000747
0.000625
0.000777
0.000464
0.000521
0.000453
0.000523
0.000485
0.000584
0.000461
0.000715
0.000673
0.000748
0.000658
0.000694
0.000698
0.000693
0.000637
0.000709
0.000614
0.000637
0.000826
0.000594
0.000396
0.000608
0.000905
0.000877
0.001335
0.000809
0.000889
0.000832
0.000809
0.000793
0.000890
0.001180
0.000972
0.000782
0.000822
0.000799
0.001149
0.000860
0.000777
0.000799
0.000830
0.001116
0.000827
0.000875
0.000985
0.000915
0.000805
0.000782
0.000809
0.001022
0.001134
0.001742
0.001016
0.000783
0.001324
0.000805
0.000915
0.001164
0.000773
0.000991
0.000804
0.000835
0.000802
0.000844
0.000760
0.001238
0.000792
0.000762
0.000795
0.001192
0.000816
0.001062
0.000806
0.001010
0.000770
0.000818
0.000781
0.001229
0.000788
0.000803
0.001163
0.000975
0.000744
0.000791
0.001421
0.000837
0.001519
0.001572
0.001361
0.004506
0.003646
0.004018
0.004503
0.003048
0.003358
0.003394
0.003793
0.002654
0.002951
0.002986
0.003055
0.003179
0.002855
0.003358
0.002945
0.004964
0.003526
0.003303
0.004848
0.003793
0.005669
0.003948
0.002959
0.002648
0.002785
0.000140
0.000142
0.000140
0.000183
0.000520
0.000170
0.000173
0.000168
0.000185
0.000195
0.000159
0.000181
0.000155
0.000150
0.000175
0.000158
0.000175
0.000172
0.000166
0.000145
0.000179
0.000178
0.000157
0.000170
0.000162
0.000163
0.000174
0.000183
0.000172
0.000168
0.000182
0.000177
0.000181
0.000171
0.000178
0.000164
0.000156
0.000160
0.000176
0.000198
0.000161
0.000156
0.000151
0.000151
0.000159
0.000179
0.000208
0.000225
0.000180
0.000185
0.000178
0.000206
0.000194
0.000197
0.000175
0.000190
0.000177
0.000211
0.000174
0.000198
0.000188
0.000179
0.000159
0.000183
0.000208
0.000320
0.000274
0.000247
0.000240
0.000285
0.000252
0.000295
0.000277
0.000245
0.000276
0.000262
0.000236
0.000342
0.000333
0.000311
0.000355
0.000385
0.000283
0.000319
0.000308
0.000408
0.000263
0.000308
0.000284
0.000350
0.000398
0.000262
0.000319
0.000375
0.000285
0.000372
0.000268
0.000263
0.000318
0.000317
0.000358
0.000293
0.000381
0.000282
0.000417
0.000254
0.000302
0.000371
0.000343
0.000228
0.000231
0.000679
0.000551
0.000625
0.000711
0.000640
0.000620
0.000605
0.000661
0.000621
0.000657
0.000669
0.000596
0.000685
0.000544
0.000646
0.001001
0.000560
0.000688
0.000794
0.000641
0.000496
0.000694
0.001088
0.001080
0.001403
0.001431
0.000955
0.001142
0.001047
0.001304
0.001505
0.001404
0.001465
0.000795
0.000963
0.000851
0.000832
0.001199
0.001309
0.000814
0.001598
0.000845
0.000829
0.001216
0.000770
0.000804
0.001370
0.002027
0.002502
0.002866
0.001541
0.002088
0.002422
0.001416
0.001440
0.001622
0.002086
0.002259
0.001962
0.002145
0.002408
0.001525
0.002046
0.002182
0.002425
0.002196
0.002144
0.001575
0.001998
0.001331
0.001334
0.001547
0.001778
0.001622
0.003333
0.002936
0.002949
0.002824
0.004099
0.004952
0.002829
0.003005
0.004376
0.002842
0.002618
0.002560
0.002775
0.002827
0.002589
0.002834
0.002966
0.002706
0.002823
0.002716
0.002724
0.003163
0.002720
0.003073
0.002721
0.003192
0.002764
0.002798
0.002771
0.003028
0.002817
0.002821
0.003283
0.002966
0.003151
0.002970
0.002861
0.002655
0.002858
0.002678
0.002896
0.002971
0.002546
0.002670
0.002994
0.002846
0.002874
0.002693
0.002399
0.002409
0.000192
0.000178
0.000178
0.000167
0.000176
0.000183
0.000148
0.000146
0.000180
0.000174
0.000177
0.000180
0.000169
0.000171
0.000177
0.000155
0.000158
0.000153
0.000142
0.000151
0.000317
0.000245
0.000260
0.000266
0.000265
0.000211
0.000192
0.000436
0.000435
0.000503
0.000493
0.000483
0.000459
0.000537
0.000435
0.000434
0.000441
0.000476
0.000444
0.000414
0.000423
0.000455
0.000500
0.000564
0.000445
0.000474
0.000438
0.000624
0.000460
0.000511
0.000449
0.000519
0.000468
0.000455
0.000459
0.001025
0.000467
0.000420
0.000531
0.000463
0.000453
0.000562
0.001100
0.000415
0.000455
0.000430
0.000553
0.000865
0.000785
0.000808
0.000811
0.000675
0.000677
0.001478
0.001682
0.001810
0.001638
0.001772
0.002143
0.001486
0.001602
0.001396
0.003600
0.004430
0.003371
0.002903
0.003661
0.002902
0.002955
0.002762
0.003400
0.002863
0.003553
0.003225
0.003527
0.003165
0.004049
0.002631
0.004096
0.003447
0.002399
0.003377
0.002892
0.002908
0.002882
0.003601
0.002853
0.002752
0.003311
0.013727
0.003816
0.003161
0.003064
0.003456
0.002876
0.002533
0.003476
0.003330
0.000180
0.000201
0.000192
0.000167
0.000195
0.000387
0.000273
0.000262
0.000307
0.000273
0.001099
0.000557
0.000515
0.000528
0.000549
0.000490
0.000451
0.000480
0.000475
0.000657
0.000570
0.000521
0.000509
0.000491
0.000592
0.000514
0.000684
0.000641
0.000445
0.000451
0.000602
0.000578
0.000869
0.000818
0.000794
0.000751
0.000807
0.000982
0.000789
0.000798
0.000784
0.000836
0.000789
0.000804
0.000770
0.000922
0.001094
0.000744
0.000807
0.000822
0.000811
0.000823
0.000827
0.000817
0.000783
0.000729
0.000797
0.000777
0.001089
0.000919
0.000697
0.000921
0.000735
0.000773
0.000759
0.000835
0.000728
0.000795
0.000792
0.000839
0.000894
0.000728
0.000780
0.000791
0.000902
0.000684
0.000793
0.000777
0.000764
0.000766
0.000813
0.000707
0.000751
0.000785
0.000892
0.000805
0.000773
0.000706
0.000783
0.002397
0.000741
0.000726
0.000703
0.000760
0.000735
0.000690
0.000747
0.001449
0.001469
0.002361
0.002011
0.001429
0.001464
0.001483
0.001848
0.001466
0.001470
0.001413
0.001420
0.002181
0.001738
0.001647
0.001367
0.002013
0.002726
0.002824
0.002507
0.002729
0.002630
0.002931
0.002754
0.002680
0.002503
0.002847
0.002873
0.002480
0.002778
0.004439
0.003564
0.003043
0.002893
0.002784
0.002893
0.002662
0.002375
0.002619
0.002754
0.003256
0.003584
0.004322
0.002576
0.003986
0.002962
0.002768
0.002747
0.002601
0.002785
0.002700
0.002504
0.003106
0.003344
0.002678
0.002886
0.004319
0.002741
0.002935
0.002706
0.003124
0.002929
0.000142
0.000290
0.000274
0.000484
0.000451
0.000244
0.000226
0.000256
0.000242
0.000399
0.000432
0.000458
0.000291
0.000328
0.000224
0.000220
0.000468
0.000339
0.000375
0.000482
0.000227
0.000291
0.000294
0.000443
0.000371
0.000363
0.000235
0.000262
0.000450
0.000427
0.000401
0.000223
0.000374
0.000222
0.000416
0.000246
0.000365
0.000286
0.000391
0.000365
0.000398
0.000222
0.000367
0.000265
0.000350
0.000289
0.000268
0.000411
0.000386
0.000346
0.000271
0.000227
0.000277
0.000223
0.000253
0.000258
0.000212
0.000222
0.000488
0.000640
0.000441
0.000450
0.000450
0.000442
0.000427
0.000460
0.000409
0.000428
0.000445
0.000426
0.000575
0.000449
0.000459
0.000425
0.000480
0.000440
0.000442
0.000445
0.000432
0.000415
0.000441
0.000527
0.000462
0.000472
0.000470
0.000417
0.000486
0.000441
0.000631
0.000470
0.000489
0.000481
0.000548
0.000438
0.000443
0.000604
0.000434
0.000448
0.000460
0.000512
0.000514
0.000445
0.000412
0.000395
0.000578
0.000858
0.001058
0.001321
0.000870
0.000797
0.000732
0.000848
0.000836
0.000986
0.000718
0.000789
0.000860
0.000788
0.000769
0.000841
0.000753
0.000961
0.000718
0.000829
0.000742
0.004137
0.000839
0.000771
0.000798
0.000815
0.000848
0.001262
0.000956
0.000753
0.001134
0.000698
0.000857
0.000718
0.000716
0.001702
0.001374
0.001519
0.002872
0.003220
0.002872
0.003250
0.002846
0.002699
0.003241
0.002987
0.002729
0.003277
0.002496
0.004863
0.002692
0.005344
0.005004
0.002812
0.003559
0.003420
0.003013
0.004136
0.003379
0.003256
0.003839
0.003943
0.003817
0.002915
0.001471
0.001954
0.002019
0.001687
0.002599
0.002195
0.002314
0.002373
0.002114
0.001975
0.001420
0.001434
0.001490
0.002434
0.001571
0.001797
0.001561
0.001316
0.001868
0.001133
0.000770
0.000651
0.000640
0.000468
0.000529
0.000323
0.000307
0.000230
0.000354
0.000379
0.000404
0.000341
0.000252
0.000355
0.000373
0.000205
0.000192
0.000195
0.000190
0.000189
0.000187
0.000188
0.000193
0.000194
0.000190
0.000189
0.000196
0.000183
0.000181
0.000182
0.000195
0.000193
0.000186
0.000187
0.000195
0.000202
0.000164
0.000161
0.000164
0.000158
0.000192
0.000187
