17344.173442
22479.803302
22972.002872
22191.400832
21255.396878
19962.570181
18539.976825
22015.823873
23659.889094
23071.377073
19613.852283
20908.199935
20304.568528
22076.578130
22914.428929
16507.608976
16104.680423
21985.571968
23836.126629
22606.852702
22590.893046
26048.026048
21835.551006
22068.965517
18686.131387
18686.131387
25538.707103
20056.408649
22922.636103
17121.455324
18642.586659
24691.358025
20214.782059
17066.666667
20785.969471
25682.182986
26778.242678
17348.875034
20012.507817
20532.563362
21476.510067
24078.254327
22759.601707
26101.141925
18497.109827
20545.746388
19565.881993
23138.105568
20631.850419
10309.278351
10752.688172
10362.694301
10416.666667
10695.187166
10471.204188
10309.278351
10752.688172
13201.320132
11560.693642
11019.283747
13114.754098
12779.552716
17857.142857
14625.228519
14519.056261
13605.442177
12441.679627
16701.461378
12779.552716
21947.873800
20539.152760
21192.052980
21333.333333
24042.073629
19838.809671
22268.615170
20956.123117
24150.943396
17039.403621
21390.374332
14904.517932
23943.135054
22988.505747
22130.013831
26677.782409
25569.316820
22963.760316
21541.568495
20113.136392
25009.769441
24634.334103
19335.347432
24297.646166
24615.384615
17655.172414
20874.103066
24279.210926
24390.243902
22495.606327
12345.679012
13422.818792
11904.761905
11834.319527
11299.435028
10928.961749
13071.895425
11764.705882
15936.254980
14440.433213
15936.254980
16985.138004
16393.442623
14260.249554
18779.342723
17241.379310
18934.911243
23188.405797
20565.552699
21276.595745
19631.901840
21052.631579
20025.031289
22023.399862
16701.461378
21490.933512
25682.182986
22939.068100
21447.721180
7040.704070
15016.424214
18823.529412
18296.169240
20915.032680
23651.145602
25620.496397
26823.134954
25039.123631
19500.304692
20565.552699
20671.834625
21962.937543
21447.721180
25869.037995
22614.840989
22988.505747
21650.879567
9779.951100
24922.118380
19987.507808
20151.133501
24922.118380
22922.636103
22792.022792
23988.005997
19607.843137
19753.086420
20240.354206
22503.516174
21563.342318
22551.092319
24060.150376
21577.882670
23452.518262
23744.647723
23680.124224
22592.592593
20158.625248
22459.499264
21692.745377
16703.176342
20677.966102
21879.483501
19122.257053
17836.257310
22141.560799
21129.199861
23828.125000
23132.347364
19501.278772
24293.110315
23615.950445
22385.321101
21078.092605
22173.754998
23790.951638
22676.579926
21328.671329
24091.627172
24756.493506
22109.459949
11161.492850
17635.712317
15984.015984
15845.506313
15256.257449
16104.680423
14417.661636
15307.342741
11034.482759
15928.322549
23642.408570
20691.884901
16908.850727
22408.963585
16797.900262
15144.344534
12695.893672
11477.761836
17396.031530
17034.868246
15300.023906
12524.461840
16846.538563
25508.170586
14866.434379
23063.063063
20860.495437
13692.768507
23738.872404
14260.249554
13338.891205
24260.803639
14100.022031
17467.248908
24474.187380
22889.842632
12178.877260
23180.007244
16824.395373
18353.885862
17381.857686
15659.407879
18233.618234
16108.733954
17872.102765
15016.424214
18422.567645
22527.279127
15289.058767
13453.857473
12817.945123
13008.130081
17655.172414
15496.368039
22535.211268
24380.952381
17674.675504
16264.294790
25177.025964
14729.574223
18834.608593
15518.913676
26446.280992
23818.384816
16206.634591
13231.341741
19178.903206
22816.399287
19649.984648
22767.698328
21628.928692
22393.282015
19184.652278
17872.102765
11764.705882
12987.012987
11627.906977
15384.615385
14388.489209
15625.000000
13793.103448
12658.227848
14492.753623
13071.895425
10869.565217
13986.013986
13071.895425
14492.753623
13333.333333
13157.894737
13793.103448
12820.512821
13888.888889
13245.033113
14598.540146
15384.615385
15625.000000
14705.882353
9925.558313
11940.298507
9216.589862
16194.331984
14084.507042
10230.179028
15748.031496
11527.377522
12269.938650
12012.012012
11695.906433
11019.283747
12012.012012
18604.651163
11204.481793
14760.147601
18140.589569
16949.152542
17543.859649
17204.301075
14440.433213
9324.009324
10403.120936
18648.018648
12030.075188
10638.297872
12461.059190
11730.205279
9638.554217
17937.219731
8307.372793
11611.030479
13651.877133
12195.121951
12383.900929
10243.277849
10666.666667
11594.202899
11958.146487
11412.268188
11065.006916
12364.760433
10610.079576
11695.906433
10165.184244
14466.546112
17543.859649
9501.187648
9090.909091
10638.297872
7060.900265
9569.377990
11661.807580
10152.284264
12213.740458
13582.342954
9070.294785
12519.561815
14159.292035
12102.874433
11220.196353
9029.345372
12500.000000
10958.904110
9950.248756
10309.278351
14678.899083
11080.332410
14466.546112
15503.875969
11904.761905
17057.569296
12084.592145
19323.671498
6514.657980
15355.086372
20253.164557
10688.042752
15779.092702
18735.362998
13640.238704
18202.502844
13479.359730
11404.133999
17897.091723
20202.020202
14121.800530
21108.179420
14311.270125
14492.753623
13793.103448
11220.196353
17057.569296
12075.471698
16161.616162
13816.925734
13234.077750
15311.004785
15686.274510
11976.047904
14585.232452
18648.018648
16032.064128
20050.125313
20565.552699
16129.032258
13582.342954
18713.450292
12130.401820
14519.056261
19900.497512
22023.399862
21857.923497
13763.440860
20833.333333
21798.365123
24114.544084
9555.091072
20618.556701
21857.923497
14932.337844
14047.410009
11091.854419
15444.015444
15296.367113
20956.123117
14555.378667
14505.893019
22759.601707
14869.888476
15873.015873
15720.953083
21746.517159
23546.725533
15151.515152
15080.113101
23791.821561
22107.081174
17738.359202
16149.381781
21018.062397
18653.453804
18901.358535
20375.676536
16627.695505
15140.761770
21283.671433
25296.442688
19323.671498
20221.169036
19728.729963
15798.568255
22727.272727
15518.913676
22284.122563
22922.636103
21087.314662
21440.536013
23572.744015
23357.664234
17334.777898
21614.319487
15613.564284
18497.109827
18735.362998
22898.032200
15744.157442
17367.706920
22566.995769
14601.870865
21419.009371
16507.608976
16913.319239
16318.204997
14699.127239
22654.867257
23222.060958
18140.589569
19423.368741
19058.963669
10309.278351
6872.852234
9523.809524
9345.794393
10050.251256
10309.278351
10526.315789
9900.990099
9132.420091
10204.081633
10582.010582
10416.666667
6622.516556
11428.571429
9756.097561
11560.693642
10638.297872
10526.315789
10582.010582
10152.284264
10362.694301
11363.636364
10928.961749
10050.251256
10989.010989
11173.184358
10928.961749
10695.187166
10810.810811
10416.666667
10309.278351
10309.278351
10362.694301
10101.010101
10638.297872
10638.297872
10695.187166
10810.810811
11299.435028
10526.315789
10309.278351
10526.315789
10526.315789
10362.694301
11695.906433
10928.961749
10638.297872
11142.061281
13888.888889
13157.894737
13377.926421
12903.225806
13605.442177
13605.442177
12944.983819
13029.315961
14336.917563
14035.087719
10554.089710
9302.325581
11299.435028
12345.679012
12987.012987
13513.513514
15625.000000
13422.818792
10869.565217
11396.011396
10638.297872
11764.705882
11661.807580
11267.605634
13468.013468
10810.810811
13745.704467
12779.552716
12383.900929
14184.397163
11299.435028
10869.565217
11627.906977
9685.230024
9456.264775
14492.753623
13840.830450
14598.540146
10178.117048
11661.807580
14134.275618
10869.565217
12422.360248
12698.412698
13029.315961
6097.560976
13422.818792
10899.182561
9367.681499
15037.593985
14545.454545
15094.339623
10204.081633
11396.011396
11594.202899
11527.377522
8547.008547
11976.047904
10638.297872
12383.900929
12578.616352
13333.333333
12618.296530
16460.905350
11173.184358
9685.230024
11461.318052
12012.012012
11869.436202
11764.705882
14336.917563
9345.794393
10000.000000
11126.564673
12084.592145
10498.687664
16736.401674
15904.572565
17278.617711
12800.000000
12251.148545
19464.720195
13840.830450
16064.257028
11004.126547
17241.379310
19417.475728
19559.902200
19851.116625
11878.247958
13104.013104
12470.771629
20618.556701
18713.450292
15873.015873
19138.755981
19607.843137
20618.556701
15640.273705
20075.282309
20698.576973
15748.031496
14967.259121
19370.460048
12324.282688
19248.120301
16028.049086
16198.430777
22145.328720
21563.342318
12645.722189
20894.547829
15162.283819
22008.253095
22543.148996
20752.269780
17144.387892
18534.607588
10566.286941
21534.320323
17577.588575
16940.179989
15996.001000
22963.760316
11184.900384
22152.994116
20246.757355
11871.637915
17301.973506
23306.627822
23555.391976
22511.431586
13998.250219
15884.834947
23738.872404
14411.168656
12151.129675
21628.928692
22574.955908
23213.638012
20901.371653
23079.697079
25671.881268
23340.627279
21319.120586
21397.525911
21108.179420
21731.748727
21143.045920
21925.316889
21672.875042
20969.855832
24015.009381
20519.397243
23659.889094
20990.488685
15462.672143
16771.488470
15119.300732
19087.384432
18176.654360
22678.951099
23013.304567
25157.232704
18406.672419
17847.183491
18631.732169
16186.140617
16958.134605
16008.004002
22361.984626
15034.061546
22792.022792
16745.159602
15173.067805
16576.016576
18529.241459
23460.410557
17443.445080
22630.834512
21925.316889
16380.854876
20759.000973
21665.538253
15027.001644
16644.993498
24178.315074
15485.119768
21702.271957
23213.638012
13995.189154
20792.722547
23555.391976
13822.894168
18332.855915
16056.196688
11114.970476
23357.664234
12828.222089
23088.023088
16828.819353
19740.900679
16351.558508
16000.000000
14044.327408
13487.881981
14753.342554
20558.946354
20421.186981
16355.737286
22053.756030
22385.449458
16806.722689
20125.786164
22315.202232
17635.712317
17832.265255
13256.006628
15051.740357
25806.451613
19506.248095
20772.476469
10101.010101
10638.297872
10752.688172
10752.688172
10695.187166
10638.297872
10204.081633
10638.297872
10204.081633
10471.204188
10000.000000
10752.688172
10928.961749
10471.204188
10416.666667
10582.010582
10416.666667
9708.737864
10416.666667
9900.990099
10582.010582
10309.278351
10810.810811
11049.723757
10362.694301
10256.410256
9900.990099
10928.961749
10582.010582
10101.010101
10752.688172
10152.284264
10050.251256
10869.565217
9756.097561
10752.688172
10050.251256
10526.315789
10309.278351
10416.666667
10526.315789
10416.666667
10928.961749
10471.204188
10928.961749
10989.010989
10309.278351
9852.216749
10256.410256
10752.688172
9900.990099
10582.010582
10752.688172
10638.297872
10256.410256
10416.666667
10695.187166
10695.187166
10000.000000
10416.666667
10810.810811
10101.010101
10416.666667
9433.962264
11494.252874
9950.248756
10695.187166
15037.593985
12618.296530
13114.754098
11428.571429
14184.397163
13793.103448
10928.961749
13793.103448
13468.013468
10695.187166
11560.693642
13840.830450
13605.442177
14184.397163
12698.412698
6220.839813
10204.081633
11764.705882
11799.410029
13793.103448
13937.282230
13114.754098
11764.705882
11594.202899
16528.925620
10471.204188
11976.047904
10680.907877
11644.832606
11816.838996
14678.899083
17738.359202
12558.869702
16227.180527
12326.656394
14159.292035
13913.043478
12965.964344
18181.818182
11747.430250
11627.906977
16326.530612
11461.318052
16326.530612
11713.030747
11799.410029
13513.513514
12422.360248
12066.365008
10088.272383
11627.906977
12102.874433
13445.378151
13769.363167
13816.925734
13628.620102
16064.257028
14159.292035
10322.580645
13816.925734
13536.379019
10796.221323
12841.091493
15355.086372
12461.059190
13377.926421
13201.320132
12882.447665
11331.444759
14209.591474
14209.591474
16260.162602
13490.725126
14492.753623
17021.276596
10403.120936
12461.059190
14159.292035
12176.560122
13422.818792
9580.838323
15384.615385
11695.906433
10709.504685
12800.000000
10296.010296
17241.379310
15355.086372
17660.044150
15296.367113
16494.845361
13698.630137
17353.579176
11188.811189
11887.072808
10695.187166
12158.054711
11527.377522
11461.318052
11544.011544
12558.869702
11283.497884
13029.315961
12558.869702
9685.230024
13468.013468
20202.020202
13157.894737
17679.558011
18244.013683
11985.018727
19777.503090
17997.750281
19230.769231
19777.503090
20176.544767
17977.528090
13559.322034
16460.905350
20460.358056
19464.720195
20025.031289
13925.152306
18604.651163
20592.020592
20025.031289
19277.108434
14336.917563
19347.037485
18285.714286
16243.654822
17486.338798
19875.776398
20460.358056
19777.503090
15655.577299
14109.347443
9184.845006
15748.031496
20434.227331
12084.592145
19875.776398
17486.338798
13745.704467
20698.576973
16145.307770
19900.497512
19161.676647
19950.124688
18957.345972
21052.631579
12924.071082
20202.020202
20997.375328
20125.786164
13422.818792
19607.843137
15065.913371
19851.116625
15841.584158
20779.220779
19559.902200
20486.555698
13018.714402
20304.568528
19925.280199
13757.523646
16410.256410
21505.376344
20227.560051
11259.676284
19115.890084
21066.491113
20356.234097
23512.123439
14203.284510
17553.483269
15928.322549
14212.747058
20997.375328
19058.963669
18856.806128
16873.187451
24114.544084
21687.563538
21433.355660
20949.263502
20132.117018
22416.812609
19058.963669
21731.748727
12892.828364
18150.879183
19376.324553
13201.320132
16873.187451
11289.469042
16210.739615
21628.928692
24169.184290
22980.251346
14285.714286
14084.507042
14285.714286
10928.961749
3846.153846
11764.705882
11560.693642
11904.761905
10810.810811
10256.410256
12578.616352
11049.723757
12903.225806
13333.333333
11428.571429
12658.227848
11428.571429
11627.906977
12048.192771
13793.103448
11173.184358
11235.955056
12738.853503
11764.705882
12345.679012
12269.938650
11494.252874
10928.961749
11627.906977
11904.761905
10989.010989
11299.435028
11049.723757
11695.906433
11235.955056
12195.121951
12820.512821
12500.000000
11363.636364
10101.010101
12422.360248
12820.512821
13245.033113
13245.033113
12578.616352
11173.184358
9615.384615
8888.888889
11111.111111
10810.810811
11235.955056
9708.737864
10309.278351
10152.284264
11428.571429
10526.315789
11299.435028
9478.672986
11494.252874
10101.010101
10638.297872
11173.184358
12578.616352
10928.961749
9615.384615
12500.000000
14598.540146
16194.331984
16666.666667
14035.087719
15873.015873
13559.322034
14440.433213
16326.530612
14492.753623
15267.175573
16949.152542
11695.906433
12012.012012
12861.736334
11267.605634
10389.610390
14134.275618
12539.184953
12987.012987
9803.921569
15209.125475
12987.012987
14084.507042
11428.571429
10050.251256
15267.175573
12539.184953
10666.666667
14035.087719
10752.688172
14925.373134
15209.125475
12578.616352
12618.296530
11173.184358
13651.877133
10498.687664
14184.397163
9592.326139
15748.031496
13245.033113
10781.671159
11661.807580
17543.859649
17316.017316
11782.032401
14519.056261
12800.000000
11251.758087
12500.000000
12903.225806
13223.140496
12102.874433
12882.447665
12176.560122
11958.146487
13422.818792
11678.832117
14705.882353
12383.900929
7992.007992
14285.714286
11627.906977
10075.566751
12480.499220
16129.032258
11527.377522
14705.882353
14814.814815
11404.133999
11180.992313
16753.926702
14010.507881
15281.757402
12269.938650
10631.229236
11396.011396
10921.501706
20125.786164
16614.745587
18801.410106
19230.769231
13344.453711
12223.071047
19656.019656
10012.515645
18934.911243
19300.361882
13157.894737
20779.220779
19900.497512
23357.664234
15786.877158
12789.768185
11165.387299
20765.736535
15325.670498
13212.221305
22598.870056
22222.222222
19728.729963
15340.364334
14165.559982
16309.887870
14918.414918
13289.036545
20983.606557
15640.273705
14665.444546
13195.876289
14571.948998
14925.373134
20317.460317
16016.016016
24042.073629
23988.005997
20685.197156
17997.750281
19728.729963
19201.920192
21798.365123
21702.271957
22662.889518
15613.564284
12924.071082
22622.834924
21297.836938
14625.228519
22519.352569
24446.142093
25000.000000
23063.063063
22638.839759
24719.969100
22582.921665
21577.882670
23651.145602
22670.917464
23564.064801
23494.860499
20233.955106
23529.411765
20826.553856
23520.764425
20050.125313
23154.848046
22873.481058
23096.355106
21136.063408
22719.204828
22686.990429
19494.364910
21577.882670
20311.012377
21548.821549
22369.800769
24105.461394
22393.282015
23898.431665
22099.447514
21541.568495
25137.470542
23970.037453
21376.085504
22487.702038
22268.615170
23765.317490
26677.782409
26567.040266
10416.666667
11235.955056
11235.955056
11976.047904
11363.636364
10928.961749
13513.513514
13698.630137
11111.111111
11494.252874
11299.435028
11111.111111
11834.319527
11695.906433
11299.435028
12903.225806
12658.227848
13071.895425
14084.507042
13245.033113
12618.296530
16326.530612
15384.615385
15037.593985
15094.339623
18957.345972
20833.333333
18348.623853
18390.804598
15904.572565
16227.180527
16563.146998
17429.193900
14897.579143
18390.804598
18433.179724
18140.589569
16806.722689
18018.018018
19323.671498
18912.529551
17582.417582
16000.000000
14184.397163
17977.528090
16877.637131
18264.840183
12820.512821
17391.304348
15655.577299
17817.371938
15414.258189
17094.017094
17582.417582
17429.193900
7804.878049
17130.620985
19047.619048
15065.913371
17278.617711
17660.044150
14234.875445
7272.727273
19277.108434
17582.417582
18604.651163
14466.546112
18497.109827
20382.165605
19801.980198
19728.729963
23703.703704
23633.677991
21650.879567
19024.970273
17679.558011
19536.019536
18058.690745
14932.337844
21534.320323
19975.031211
22922.636103
17777.777778
14446.952596
18985.464254
22046.159146
17481.562415
22053.756030
21658.206430
23171.614772
18823.529412
22354.173943
18012.946806
19844.961240
18145.732917
20221.169036
15806.371944
24325.351577
15625.000000
18566.869742
26677.782409
18951.732307
22130.013831
22008.253095
22206.800833
17772.840878
22432.527164
23255.813953
19329.507702
4662.344285
16771.488470
20246.757355
20887.728460
18518.518519
22253.129346
25266.482432
18411.967779
19219.219219
11111.111111
9950.248756
10416.666667
11976.047904
10256.410256
10335.917313
14652.014652
15267.175573
13029.315961
14652.014652
7279.344859
14362.657092
15533.980583
15151.515152
14571.948998
16326.530612
17738.359202
16666.666667
16842.105263
12176.560122
14035.087719
15355.086372
15717.092338
16293.279022
13513.513514
15564.202335
11695.906433
12480.499220
17977.528090
17738.359202
13289.036545
13840.830450
18411.967779
19559.902200
20151.133501
21304.926764
19826.517968
16293.279022
20278.833967
20050.125313
20408.163265
19138.755981
20278.833967
19900.497512
20779.220779
17353.579176
14625.228519
21505.376344
19826.517968
19464.720195
19728.729963
19441.069259
19347.037485
19583.843329
20434.227331
21947.873800
20075.282309
20592.020592
14692.378329
17410.228509
22955.523673
17372.421281
21768.707483
20698.576973
21080.368906
19161.676647
21978.021978
20125.786164
20202.020202
19070.321812
17897.091723
21978.021978
20512.820513
20227.560051
17738.359202
23391.812865
20176.544767
20592.020592
20942.408377
20887.728460
19680.196802
22630.834512
21304.926764
20382.165605
17937.219731
19875.776398
20698.576973
22662.889518
20434.227331
6675.010430
21592.442645
22038.567493
22759.601707
21052.631579
21768.707483
23188.405797
21419.009371
22084.195997
21783.526208
13553.578992
15912.481353
22393.282015
21857.923497
21577.882670
17316.017316
21828.103683
21768.707483
22646.850672
22535.211268
14672.168730
18411.967779
19429.265331
23408.924653
15896.671634
23477.622891
22662.889518
25528.520144
23451.813851
24334.600760
21835.551006
23238.925200
23880.597015
25569.316820
22479.803302
22276.366168
25806.451613
23038.156947
14417.661636
17957.351291
21031.876438
22122.364328
22988.505747
22122.364328
24042.073629
26947.368421
24436.807942
23238.925200
19656.019656
17857.142857
14807.959278
24844.720497
16056.196688
21607.022282
23121.387283
23298.143429
24605.920800
22980.251346
23703.703704
25559.105431
20605.280103
19138.755981
23898.431665
22176.022176
14818.244964
23349.142649
21805.792164
23651.145602
20486.555698
21850.460908
14084.507042
13793.103448
14598.540146
8264.462810
8869.179601
16393.442623
17699.115044
15625.000000
16528.925620
10025.062657
9259.259259
8733.624454
13745.704467
12195.121951
17857.142857
18181.818182
8547.008547
11799.410029
10666.666667
8298.755187
17621.145374
13745.704467
13605.442177
9029.345372
10781.671159
11019.283747
17021.276596
15267.175573
8888.888889
9367.681499
9975.062344
17937.219731
10695.187166
18018.018018
9615.384615
16260.162602
10958.904110
13986.013986
10230.179028
10958.904110
10050.251256
18018.018018
10899.182561
15094.339623
11428.571429
13840.830450
14925.373134
9732.360097
10362.694301
11560.693642
14760.147601
17621.145374
14440.433213
17937.219731
15810.276680
15503.875969
18867.924528
18018.018018
16393.442623
12500.000000
18140.589569
17777.777778
17777.777778
18099.547511
18735.362998
17391.304348
19559.902200
18691.588785
17977.528090
18779.342723
13913.043478
17817.371938
17429.193900
18823.529412
16666.666667
18181.818182
18099.547511
17977.528090
18518.518519
19277.108434
18140.589569
15180.265655
17316.017316
16949.152542
17021.276596
19184.652278
16460.905350
18140.589569
12678.288431
17021.276596
16359.918200
16632.016632
14598.540146
18264.840183
18058.690745
13245.033113
18433.179724
17857.142857
17391.304348
15625.000000
15564.202335
17977.528090
19417.475728
20253.164557
13840.830450
18648.018648
15122.873346
12112.036336
18390.804598
20075.282309
21857.923497
18867.924528
19138.755981
16227.180527
22284.122563
20278.833967
18604.651163
20304.568528
20806.241873
19024.970273
21248.339973
16649.323621
22284.122563
19300.361882
21563.342318
3867.536862
19070.321812
20752.269780
20050.125313
19631.901840
18867.924528
12678.288431
16736.401674
21248.339973
14109.347443
22922.636103
18669.778296
22284.122563
22346.368715
18801.410106
23289.665211
21066.491113
22284.122563
19875.776398
22284.122563
19692.307692
22487.702038
23712.486106
19746.991669
21426.180114
23451.813851
19530.057980
25641.025641
13160.600452
23774.145617
11976.047904
12789.768185
22759.601707
17982.579376
18713.450292
21241.287753
15473.887814
18940.514945
19656.019656
16671.008075
16231.295968
16767.094577
21955.403087
21753.908906
16376.663255
15849.430411
18968.583284
12312.427857
14578.587699
13828.867761
13485.040034
15137.180700
16202.531646
22535.211268
22315.202232
21476.510067
13147.082991
20369.191598
17807.456873
20499.679693
24316.109422
17130.620985
14121.800530
20779.220779
12288.786482
12500.000000
17094.017094
15122.873346
12383.900929
13029.315961
17391.304348
11299.435028
10554.089710
9900.990099
11730.205279
15873.015873
11267.605634
10723.860590
9756.097561
10416.666667
10256.410256
10526.315789
10582.010582
10695.187166
10638.297872
10362.694301
10309.278351
10526.315789
10582.010582
10204.081633
10928.961749
11049.723757
10989.010989
10256.410256
10362.694301
10752.688172
10695.187166
10256.410256
9900.990099
12195.121951
12422.360248
12195.121951
12658.227848
10416.666667
10695.187166
