38
0
3
0
23
25
25
0
27
0
34
29
2
1
4
41
26
0
1
0
0
2
34
1
29
26
2
34
1
34
32
1
1
29
23
1
2
27
23
24
2
0
1
4
44
1
43
15
29
0
0
0
0
0
0
0
0
0
0
0
0
0
0
0
0
0
0
0
0
0
2
0
0
2
2
0
6
2
10
2
13
2
0
11
1
2
6
8
9
3
2
13
4
0
8
10
0
0
4
0
0
0
0
0
0
0
0
0
0
0
1
0
0
0
0
1
0
0
0
0
0
0
0
1
0
0
0
0
0
4
4
0
1
0
0
1
0
2
1
1
0
0
1
0
0
0
4
1
2
3
0
0
0
0
0
0
2
0
0
0
2
0
0
5
12
15
11
15
16
15
2
16
19
14
9
12
4
5
18
1
3
1
8
6
0
0
16
4
2
6
5
6
10
10
11
11
6
11
9
7
0
4
8
4
3
8
8
6
5
11
13
11
8
0
11
2
5
5
0
8
9
0
9
3
1
2
8
0
5
2
2
10
14
8
7
9
0
1
9
8
7
7
8
9
0
0
10
9
0
10
6
11
1
0
7
11
7
3
6
0
1
0
8
10
0
0
0
0
0
0
0
0
0
0
0
0
0
0
0
0
0
0
0
0
0
0
0
0
0
0
0
0
0
0
0
0
0
0
0
0
0
0
0
0
0
0
0
0
0
1
0
0
0
0
0
0
1
0
1
0
0
0
0
1
0
0
0
0
0
0
0
0
0
0
0
0
0
0
1
1
0
0
0
0
1
1
0
0
0
1
0
0
1
1
0
0
0
0
0
0
0
0
1
0
0
0
0
0
0
0
1
1
0
0
0
0
0
1
0
0
0
0
0
0
0
0
0
0
0
0
0
0
0
0
0
0
0
0
0
0
0
0
1
0
0
3
0
0
2
0
6
14
10
3
9
9
0
29
40
34
0
0
49
28
1
20
26
31
15
22
11
20
34
25
21
1
26
5
9
40
10
36
11
11
16
15
11
11
28
16
44
28
26
11
32
28
4
35
9
33
42
34
33
4
2
38
2
17
0
0
0
0
0
0
0
0
0
0
0
0
0
0
0
0
0
0
0
0
0
0
0
0
0
0
0
0
0
0
0
0
0
0
0
0
0
0
0
0
0
0
0
0
0
0
0
0
0
0
0
0
0
0
0
0
0
0
0
0
0
0
0
0
0
0
0
0
0
0
0
0
0
0
0
0
0
0
0
0
0
0
0
0
0
0
0
0
0
0
0
0
0
0
0
0
0
0
0
0
0
0
0
0
2
0
0
0
0
0
0
0
0
1
0
0
0
0
0
0
0
1
0
0
0
0
0
0
0
0
1
3
2
1
0
0
2
3
3
3
1
0
0
0
0
1
0
0
0
2
8
2
26
26
35
36
1
2
23
1
0
22
15
0
20
1
0
1
29
1
0
0
0
0
0
2
20
20
26
22
19
1
0
0
0
0
16
26
0
15
18
25
25
0
4
0
27
1
17
24
21
29
20
1
14
0
1
24
7
0
1
34
0
0
0
0
0
0
0
0
0
0
0
0
0
0
0
0
0
0
0
0
0
0
0
0
0
0
0
0
0
0
0
0
0
0
0
0
0
0
0
0
0
0
0
0
1
0
0
0
0
0
0
0
0
0
0
0
1
0
0
0
0
0
0
0
1
1
0
0
1
0
0
0
1
0
0
0
0
1
0
0
0
1
0
0
2
0
0
0
0
1
0
0
0
1
1
0
0
0
0
0
1
0
0
0
0
0
1
0
1
1
1
0
0
1
0
0
0
0
0
0
0
0
0
0
0
0
1
1
0
0
1
0
0
0
0
0
0
0
0
0
1
1
0
0
0
0
0
0
0
1
0
0
9
5
6
6
0
0
0
0
0
0
3
0
3
0
0
2
29
19
27
24
20
1
25
14
22
23
1
14
10
1
6
1
1
0
1
1
4
5
2
4
0
0
0
0
0
0
0
1
0
0
0
0
0
0
0
0
1
0
0
0
0
0
0
0
0
0
0
