0.003690
0.002847
0.002786
0.002884
0.003011
0.003206
0.003452
0.002907
0.002705
0.002774
0.003263
0.003061
0.003152
0.002899
0.002793
0.003877
0.003974
0.002911
0.002685
0.002831
0.002833
0.002457
0.002931
0.002900
0.003425
0.003425
0.002506
0.003191
0.002792
0.003738
0.003433
0.002592
0.003166
0.003750
0.003079
0.002492
0.002390
0.003689
0.003198
0.003117
0.002980
0.002658
0.002812
0.002452
0.003460
0.003115
0.003271
0.002766
0.003102
0.000194
0.000186
0.000193
0.000192
0.000187
0.000191
0.000194
0.000186
0.000303
0.000346
0.000363
0.000305
0.000313
0.000448
0.000547
0.000551
0.000588
0.000643
0.000479
0.000626
0.000729
0.000779
0.000755
0.000750
0.001331
0.001613
0.001437
0.001527
0.001325
0.001878
0.001496
0.004294
0.002673
0.002784
0.002892
0.002399
0.002503
0.002787
0.002971
0.003182
0.002559
0.002598
0.003310
0.002634
0.002600
0.003625
0.003066
0.002636
0.002624
0.002845
0.000162
0.000149
0.000168
0.000169
0.000177
0.000183
0.000153
0.000170
0.000251
0.000277
0.000251
0.000471
0.000488
0.000561
0.000426
0.000464
0.000845
0.000690
0.000778
0.000752
0.000815
0.000760
0.000799
0.001453
0.001916
0.001489
0.001246
0.001395
0.001492
0.004545
0.002131
0.001700
0.001749
0.001530
0.001353
0.001249
0.001193
0.001278
0.001641
0.001556
0.001548
0.001457
0.001492
0.001237
0.001415
0.001392
0.001478
0.003272
0.001284
0.001601
0.001588
0.001284
0.001396
0.001404
0.001334
0.001632
0.001620
0.001581
0.001422
0.001484
0.001419
0.001330
0.001483
0.002601
0.002569
0.002576
0.002700
0.003026
0.002716
0.002812
0.003652
0.002950
0.002788
0.003190
0.003420
0.002755
0.002887
0.002560
0.002637
0.003128
0.002511
0.002583
0.002725
0.002894
0.002751
0.002564
0.002690
0.002860
0.002532
0.002464
0.002759
0.005734
0.003629
0.004004
0.004039
0.004195
0.003974
0.004439
0.004181
0.005800
0.004018
0.002707
0.003093
0.003785
0.002856
0.003810
0.004226
0.005041
0.005576
0.003679
0.003757
0.004183
0.005110
0.003799
0.002509
0.004305
0.002775
0.003068
0.004674
0.002696
0.004488
0.004798
0.002638
0.004539
0.003664
0.002615
0.002796
0.005255
0.002761
0.003804
0.003487
0.003682
0.004087
0.003510
0.003973
0.003581
0.004262
0.003474
0.002841
0.004186
0.004757
0.004993
0.004920
0.003625
0.004130
0.002840
0.002625
0.003621
0.003935
0.002542
0.004345
0.003398
0.004124
0.002420
0.002687
0.003949
0.004837
0.003337
0.002805
0.003257
0.002811
0.002959
0.002858
0.003336
0.003581
0.000170
0.000154
0.000172
0.000130
0.000139
0.000128
0.000145
0.000158
0.000138
0.000153
0.000184
0.000143
0.000153
0.000138
0.000150
0.000152
0.000145
0.000156
0.000144
0.000151
0.000137
0.000130
0.000128
0.000136
0.000403
0.000335
0.000434
0.000247
0.000284
0.000391
0.000254
0.000347
0.000326
0.000333
0.000342
0.000363
0.000333
0.000215
0.000357
0.000542
0.000441
0.000472
0.000456
0.000465
0.000554
0.000858
0.000769
0.000429
0.000665
0.000752
0.000642
0.000682
0.000830
0.000446
0.000963
0.000689
0.000586
0.000656
0.000646
0.000781
0.000750
0.000690
0.000669
0.000701
0.000723
0.000647
0.000754
0.000684
0.000787
0.000553
0.000456
0.000842
0.000880
0.000752
0.001133
0.000836
0.000686
0.000788
0.000655
0.000589
0.000882
0.000639
0.000565
0.000661
0.000713
0.000886
0.000640
0.000730
0.000804
0.000776
0.000545
0.000722
0.000553
0.000516
0.000672
0.000469
0.000662
0.000828
0.002456
0.001042
0.000790
0.001497
0.001014
0.000854
0.001173
0.000879
0.001187
0.001403
0.000894
0.000792
0.001133
0.000758
0.001118
0.001104
0.001160
0.001426
0.000938
0.001325
0.000990
0.001158
0.001209
0.001045
0.001020
0.001336
0.001097
0.000858
0.000998
0.000798
0.000778
0.000992
0.001178
0.000855
0.001319
0.001102
0.000804
0.001453
0.001464
0.002325
0.001536
0.001468
0.001327
0.003349
0.001552
0.001464
0.002143
0.002278
0.005770
0.004144
0.004184
0.003054
0.004397
0.004412
0.002812
0.004304
0.004032
0.004071
0.002943
0.002718
0.004224
0.004244
0.002690
0.002895
0.003608
0.003963
0.003045
0.003431
0.003386
0.003141
0.003849
0.004227
0.003007
0.002530
0.003312
0.003165
0.003244
0.004051
0.002816
0.004124
0.002872
0.002792
0.003035
0.002985
0.002715
0.002740
0.003692
0.002961
0.004099
0.003460
0.003416
0.002795
0.004065
0.003685
0.002836
0.004383
0.002988
0.003877
0.003784
0.003922
0.004354
0.002825
0.002756
0.003528
0.003295
0.003358
0.000194
0.000291
0.000210
0.000214
0.000199
0.000194
0.000190
0.000202
0.000219
0.000196
0.000189
0.000192
0.000302
0.000175
0.000205
0.000173
0.000188
0.000190
0.000189
0.000197
0.000193
0.000176
0.000183
0.000199
0.000182
0.000179
0.000183
0.000187
0.000185
0.000192
0.000194
0.000194
0.000193
0.000198
0.000188
0.000188
0.000187
0.000185
0.000177
0.000190
0.000194
0.000190
0.000190
0.000193
0.000171
0.000183
0.000188
0.000359
0.000288
0.000304
0.000299
0.000310
0.000294
0.000294
0.000309
0.000307
0.000279
0.000285
0.000379
0.000430
0.000354
0.000324
0.000308
0.000296
0.000256
0.000298
0.000368
0.000351
0.000376
0.000340
0.000343
0.000355
0.000297
0.000370
0.000291
0.000313
0.000323
0.000282
0.000354
0.000368
0.000344
0.000413
0.000423
0.000276
0.000289
0.000274
0.000393
0.000343
0.000283
0.000368
0.000322
0.000315
0.000307
0.000656
0.000298
0.000367
0.000427
0.000266
0.000275
0.000265
0.000392
0.000351
0.000345
0.000347
0.000468
0.000334
0.000376
0.000323
0.000318
0.000300
0.000317
0.000243
0.000358
0.000413
0.000349
0.000333
0.000337
0.000340
0.000279
0.000428
0.000400
0.000719
0.000662
0.000762
0.000478
0.000503
0.000463
0.000625
0.000653
0.000411
0.000578
0.000996
0.001454
0.000928
0.000824
0.000818
0.000806
0.001347
0.001221
0.001283
0.000776
0.000855
0.001008
0.000836
0.000816
0.000776
0.001023
0.000797
0.000773
0.001016
0.002138
0.001652
0.005193
0.003325
0.003993
0.003951
0.002890
0.002968
0.004694
0.002747
0.002780
0.003449
0.002803
0.002654
0.003011
0.002680
0.002760
0.002710
0.003546
0.002677
0.002701
0.002702
0.002497
0.002952
0.002897
0.002622
0.002792
0.002916
0.003069
0.002744
0.003042
0.002632
0.002756
0.004718
0.002766
0.002671
0.002895
0.003558
0.002746
0.002992
0.002732
0.003360
0.003308
0.002730
0.002622
0.002930
0.003360
0.002608
0.002758
0.003437
0.003858
0.003482
0.003103
0.002642
0.002870
0.002673
0.002575
0.003415
0.002582
0.002613
0.002828
0.004282
0.002396
0.000203
0.000182
0.000192
0.000188
0.000187
0.000184
0.000189
0.000161
0.000193
0.000188
0.000199
0.000183
0.000198
0.000191
0.000191
0.000191
0.000193
0.000186
0.000182
0.000165
0.000184
0.000192
0.000379
0.000283
0.000229
0.000265
0.000321
0.000247
0.000345
0.000275
0.000323
0.000236
0.000274
0.000259
0.000260
0.000347
0.000370
0.000246
0.000296
0.000260
0.000200
0.000276
0.000229
0.000641
0.000485
0.000479
0.000375
0.000465
0.000462
0.000524
0.000488
0.000546
0.000461
0.000470
0.000505
0.000519
0.000869
0.000523
0.000501
0.000452
0.000488
0.000492
0.000431
0.000469
0.000474
0.000456
0.000481
0.000480
0.000508
0.000480
0.000519
0.000480
0.000433
0.000471
0.000496
0.000472
0.000496
0.000445
0.000508
0.000531
0.000537
0.000468
0.000436
0.000523
0.000522
0.000457
0.000448
0.000434
0.000484
0.000484
0.000437
0.000460
0.000432
0.000569
0.000409
0.000935
0.000482
0.000389
0.000890
0.000534
0.000556
0.000449
0.000438
0.000498
0.000447
0.000528
0.000483
0.000520
0.000462
0.000457
0.000441
0.000423
0.000458
0.000429
0.000477
0.000418
0.000654
0.000478
0.000499
0.000465
0.000448
0.000454
0.000438
0.000709
0.000544
0.000425
0.000420
0.000409
0.000448
0.000439
0.000365
0.000420
0.000434
0.000436
0.000554
0.000495
0.000776
0.000578
0.000370
0.000556
0.000966
0.000835
0.000777
0.000803
0.000861
0.000849
0.000824
0.000877
0.000798
0.000720
0.000987
0.002242
0.002348
0.002414
0.001873
0.001426
0.001436
0.001422
0.001458
0.001434
0.001323
0.001612
0.001500
0.001470
0.001387
0.002737
0.002638
0.004056
0.002977
0.004516
0.004254
0.003793
0.002861
0.003589
0.003387
0.004015
0.003494
0.002546
0.003111
0.003054
0.002513
0.002181
0.001998
0.001514
0.001301
0.001589
0.001462
0.001932
0.001917
0.001433
0.002016
0.001331
0.001176
0.000805
0.000825
0.000855
0.000846
0.000703
0.000743
0.000708
0.000801
0.000665
0.000643
0.000281
0.000333
0.000315
0.000327
0.000341
0.000366
0.000316
0.000325
0.000172
0.000192
0.000189
0.000185
0.000179
0.000159
0.000160
